4.645145197356216471e+01 1.531770968715708747e+01
2.489066375339118409e+01 1.535698708517353417e+01
3.183500113899144779e+01 2.227528344482809786e-02
2.688139184058102416e+01 4.281705491153226717e+01
-1.037329630600458685e+00 -1.226550461667743619e+01
-1.161512788427114806e+01 -1.845040966038761354e+01
4.732299815994849013e+01 1.340543771374785820e+01
-2.475074054425733294e+01 2.208620581748479594e+01
2.687354471693397073e+01 2.818371033712542228e+01
-1.639448380875138156e+01 3.263804268146445509e+01
3.981006351198467996e+01 -4.572846956636669091e+01
2.111159550984596933e+01 -2.475831429534751749e+01
-4.278401182630688027e+01 6.750829819906356555e+00
-4.026068346342213999e+01 -1.415577812199830809e+00
-3.533713713904695908e+00 -4.702406830088578005e+01
2.893787181103599693e+01 -3.348008308368234509e+01
-1.355097132811409111e+01 -3.439614107985005376e+01
-3.226961865754481806e+01 3.678896710470460363e+01
-4.600512409053103546e+00 -8.882186782746115838e+00
-4.477466517568270632e+01 7.947168059093401737e+00
3.388657004383163951e+01 2.795262083188739766e+01
-9.929895595876880421e+00 2.945292313896830194e+01
-4.834589580810253295e+01 -1.859299427412559425e+01
-3.326228812914956734e+01 2.585720369179193057e+01
-3.504305482541344219e+01 -4.762963682099110940e+01
2.620637708943899113e+01 -2.763298201066556459e+01
-2.378256022348858068e+01 -4.313049722450513102e+00
-2.500730814929817925e+01 6.828356159074678189e+00
-6.753488356796333747e+00 3.326191762741114388e+01
-2.781193688146399268e+01 2.328631167551990089e+01
-3.958955374726583898e+01 2.121201651273947419e+01
-1.728868537010421846e+01 -2.448928207361341691e+01
2.971581528204094624e+01 -2.820263038581038995e+00
-4.798978298473368653e+01 2.034913860559693788e+01
-1.527298805810608506e+01 -8.049618377654644163e+00
8.107990054324542228e+00 -3.628628721892363274e+01
-2.014607662400986854e+01 3.898597721036697550e+01
4.467222937647235881e+01 -3.310871771289006915e+01
-1.407085942673653634e+01 1.821773028712335574e+01
4.213919700550423642e+01 -3.550756560057158140e+01
4.751253707579930818e+01 -4.584934591013151106e+01
-3.130857054875097845e+01 1.087679879960481344e+01
1.101357765070787309e+01 -2.988052871018697232e+01
-2.395051883295031914e+01 -2.172596807833210164e+01
3.411480425077701994e+01 -3.035756253143069472e+01
-4.729384616231391192e+01 1.217736894333510911e+01
1.329232977295127327e+01 -2.863346422994650453e+01
2.031520245915466916e+01 2.302484064170056044e+01
-1.087281363194192441e+00 1.661304668057663747e+01
-1.461560287677632353e+01 1.351233846361238378e+01
-4.289178750099690518e+01 -8.628836386394489466e+00
-2.843588307136642968e+01 1.969863154970863395e+00
-2.841278783407313924e+01 -2.605611147003880035e+01
3.930090689876779209e+01 3.205593748952977506e+01
-2.714213805997085416e+01 3.206239692513679529e+01
-2.089473833866394159e+01 1.866784625040812529e+01
-4.234117158442396445e+00 3.353521522745781169e+01
-7.680013385690410033e+00 8.831208866999917362e+00
3.927676319777631164e+01 -1.173172924944463347e+01
1.628638368029705674e+01 -4.531884402979496684e+01
1.838931988469576595e+01 3.246348817452958713e+01
-1.374700576380794015e+00 4.841758713264923131e+01
1.038140381632550735e+01 2.596248319852005793e+01
-9.761708232194221679e+00 -2.114387605011490834e+01
3.595512303629868711e+01 3.100196112040211105e+01
5.313794456354347773e+00 4.794045975621974875e+00
-4.008262746909886687e+01 4.731832600400921507e+01
4.570827417182021790e+00 -1.761450168325738730e+01
-3.627086830100398629e+01 2.453889688773590549e+01
-8.597760657724895950e+00 -1.661080257142282335e+01
-4.040170245640693025e+01 3.832957458882299306e+01
2.993832813888652566e+01 3.018749829119923334e+01
8.657870472635742942e+00 2.487063745595904507e+01
-2.075637382126653918e+01 9.290239973574143661e-01
2.979734453001498906e+01 -2.557550782133222356e+01
3.035377420094460632e+01 -2.018249345376495896e+01
1.246152181418002058e+01 1.468088358900900836e+01
-1.679235271491298320e+01 -3.857776629485797315e+01
-3.064943939447319821e+01 6.470569186850183563e+00
-9.410265761321712219e+00 1.655590837112049840e+01
1.231724533068109295e+01 2.987383509494473444e+01
4.463636704813522371e+00 -3.024126309385876255e+01
8.646874614720967855e+00 4.419888770437302128e+01
-3.814821528078658730e+01 -9.708795501031897146e+00
2.238537917254609511e+01 4.245621380919273236e+01
-1.362943418023311359e+01 -3.105511242434835140e+01
2.160829146782401367e+01 -2.847111186413845374e+01
-4.831671224814957100e+01 -2.192693692351992496e+01
-4.110466736843810054e+01 4.893410514150263424e+01
4.884230229622543717e+00 1.744679086081001174e+01
2.248929714127111268e+01 6.849445599011194652e+00
-2.597155019031131928e+01 -9.741870909975535398e+00
-4.321626968609564301e+01 2.583848997384487944e+01
-1.573078974584840495e+01 4.897388401752596110e+01
2.391007888297095363e+01 -4.730531617232869479e+01
-1.176041136388185038e+01 -4.894736040106759845e+01
-4.347679297853450464e+01 1.813926955947026087e+01
3.942868578312590699e+01 2.067869732700759045e+01
-2.110067638814461244e+00 -2.843875074640628142e+01
4.947791887923970933e+01 9.353231663974215238e+00
3.761415734386469722e+01 4.483559687573867691e+00
5.149972460289598430e+00 2.697423335442432801e+01
-4.031324087631197273e+01 -2.354735172234443397e+01
-2.278619991559915903e+01 3.350871736299696124e+01
1.497099395464400828e+01 -7.900536165485416262e+00
2.697304179204176222e+01 -7.568455863208001233e+00
9.187520050794084625e+00 4.753597180902243480e+01
3.410149824316226841e+01 -1.340974299078212528e+00
2.807951366013711336e+01 -8.746513743684259268e+00
-2.151482606972266964e+01 -1.601008340644657224e+01
-2.148289742976369254e+01 2.796107912463616785e+01
-1.482741312416490054e+01 1.246283368843987915e+01
2.823760038702608455e+01 3.531587018538759537e+01
-4.353297094793462207e+01 -2.610791978021742565e+01
3.241679134958931030e+01 -3.712148686583309853e+01
-3.849546168436708626e+01 6.241166436076051482e+00
-1.952801501220572433e+01 -4.711753288546437801e+01
4.972950304460677096e+00 -3.248086149332773687e+01
2.508049181974168107e+01 3.313343150244858748e+01
9.697561716722569614e+00 -1.766993871063257160e+01
-1.747004092644994699e+01 3.460004684679164200e+01
-4.724418921091273660e+01 6.303864340546605050e+00
-3.054513505804860074e+01 2.025626732631469196e+00
-3.236079042887141100e+01 -6.511930427290835155e+00
-3.506466272170487741e+01 1.887645739428834801e+01
3.140036007807871599e+01 -3.074503378315250757e+01
-2.486751315955859631e+00 -2.380488579069353250e+01
3.970454848557378824e+01 2.164515271735967250e+00
-5.752646786119730571e+00 1.692498878567782938e+01
-2.635682754099942926e+01 3.326553232610026356e+01
2.011180119601405636e+01 -2.879957398116326317e+01
1.910396213326017545e+01 1.216058024075658039e+01
-3.182776505004583001e+01 -4.496232316064880763e+01
3.950675708066483338e+01 -2.339630458046475425e+01
-3.649465011109430890e+01 -1.114232622017611263e+01
-3.664501788958851591e+01 -3.797579788278980573e+01
-8.884670428208107040e+00 3.333832285570878895e+01
5.985641981421130353e+00 2.517798120857729316e+01
3.008909463323145062e+01 4.716827452137481202e+01
7.278679617511207844e+00 4.173725381183622574e+01
1.035070732838588903e+01 3.773301980629278773e+01
-4.407033159001526457e+01 1.239537590594873606e+01
3.120589094002550468e+01 -2.890344527146817555e+01
1.979189003998271801e+00 2.872678399732102505e+01
3.613745767832522660e+01 4.015102858040648925e+01
-4.978389360989169177e+01 1.394681749821012851e+01
3.264188693183708523e+01 -4.591965047416162093e+01
9.106559960220749872e+00 -3.047038612744704622e+01
4.665563988379700788e+01 4.786578467717006902e+00
-3.907404727616646767e+01 1.218291739666009832e+01
-3.147033616928116473e+01 -2.798769656947648343e+01
-4.560934990320885163e+01 2.393237613580717493e+01
-3.352489952897831671e+01 -2.372154062340737823e+01
1.196789028496043628e+01 -3.993789069770969746e+01
8.899010835316223833e+00 -3.003925495206994967e+01
-2.982548342641876360e+01 5.307000588224020099e+00
-2.875145792667404976e+01 -4.830041428620454269e+01
-3.392083616600641705e+01 -2.327302061176206394e+01
3.849197106057453510e+01 -2.480680808297576334e+01
-3.417226858378818122e+01 1.218052051038530692e+01
2.238694209021038262e+01 -4.765857248572263671e+01
2.082090284690971771e+01 -9.712978887760980840e+00
8.213624153312126808e+00 -4.496469152665360980e+01
2.584078260119958514e+01 1.164178274893648002e+01
2.173120851946321963e+01 -2.295814947915070192e+01
-2.355234959613622436e+01 4.531664883084618012e+00
-4.946242975508040729e+01 -1.211507770612885082e+01
4.594079000745361441e+01 7.835308246628159168e+00
-1.391506898707384199e+00 -4.853570497051300237e+01
-3.096710947087024834e+01 3.918322137800404192e+01
6.814772424233083825e+00 -3.540204425525064380e+01
2.707433855323495564e+01 -3.734380633002432148e+01
-4.910749391702314881e+01 -3.122106530462412977e+01
-3.055516404459752522e+01 -2.374819602412106079e+01
2.349857112644102486e+01 3.837101070049773455e+01
-1.865564952285198075e+01 3.681980601032832823e+01
3.142415777077848205e+01 -4.246329048067066125e+00
2.889657947349576617e+01 -3.655437820165479934e+01
3.758517790332344077e+01 -3.795657610970238949e+01
-1.117671839611578122e+01 -3.687648296403735770e+01
-3.436377463876283400e+00 4.238189827411369492e+01
4.875288279284995241e+01 3.707461589125610146e+01
3.529157276991168324e+00 1.818422801601229466e+01
-4.990456062284764727e+01 -2.895771841885461839e+01
-3.974084896767380570e+01 -4.757725406559549697e+01
-3.060157850934608348e+00 8.562404496005960652e+00
9.710339998023076902e+00 4.012738567426831082e+01
2.122735246533736841e+01 2.295181860450156108e+01
-4.028671749677169345e+01 -3.935485129610862032e+01
-4.527509076152577450e+01 2.111797131992831922e-01
-3.139138751787635684e+01 8.192721858081686293e+00
-2.063553457248885792e+01 3.216498256482023521e+01
-3.570274513945199857e+01 1.159801293604312278e+01
-3.232737708534655496e+01 -3.455647596763036233e+01
1.626172401412386748e+01 -4.412209841335923421e+00
-7.200411242731363792e+00 -3.204021797497969004e+01
-4.625735707618109416e+01 -7.815114949876567074e+00
-2.205122049458296729e+01 -3.762440757230967137e+01
2.266562090043640154e+01 -3.951830720906824013e+01
-2.707523569379062423e+01 1.388950226052949688e+01
4.092703496114393857e+01 5.537627157723101767e+00
2.484245701902803205e+01 3.566179909400099035e+01
-4.090336935563280463e+01 -4.021396919607540354e+01
1.252984514784633063e+01 2.788381809160355118e+01
-3.584158796492420151e+01 2.030958429001475807e+01
4.042322060179787258e+01 -2.868169234605728590e+01
6.974645366515375144e+00 -1.428078117569675509e+00
2.854933649471855972e+01 1.207179087274660212e+01
-1.355092099957622143e+00 8.388819626308329447e+00
4.851836939391378678e+01 -2.358205785535446708e+01
-2.651155340819744133e+00 -1.698750790316891823e+01
3.367742035094888564e+01 -2.930529315378919009e+01
2.460209843711680389e+00 8.503575279499875350e+00
1.487342647483311708e+01 -2.128965955454149395e+01
4.657772800235060373e+01 -2.976339679914842407e+01
3.775036292943052274e+01 -2.486498245124275641e+01
-3.184750459157143965e+01 1.337169319047140092e+01
-4.094607825575495497e+01 -8.493695478430717927e+00
4.869281902021362640e+01 -2.953682366053200781e+01
-7.838010314246135479e-01 -2.739690496677210518e+01
-3.621318373425652482e+01 4.041934065762725936e+01
3.554487773781711546e+00 1.629329811764562663e+01
4.175933047931442843e+01 -3.323665145678733612e+00
-9.482877529532618865e+00 -3.855720182063490142e+01
2.057694537886086650e+01 -3.469149219658977756e+01
-3.132952375307919013e+01 2.995372703179776153e+01
-1.752685604333826674e+01 -7.637976147913927427e+00
-1.402101368635840828e+01 -3.859718411021192708e+01
-3.749150775822415937e+01 4.699158795771975861e+01
-3.606503910835369453e+01 2.334327559762390081e+01
-4.833778146051459501e-01 1.676946380035965234e+01
-4.217846982727071747e+01 -4.355006671356008496e+01
-1.751908133169285264e+01 -2.081284002190098015e-01
-7.957069508640879363e+00 2.777593008124602392e+01
-2.467718701540808723e+01 1.448403124206992842e+01
-2.489982046451193298e+01 -4.010958418243173185e+01
-3.887827987235903393e+00 -2.449420353633389169e+01
-1.888582109817006227e+01 -1.234381743098446016e+01
4.916443932573496767e+01 -3.611639369578987413e+01
1.444710563340994014e+01 -1.055658121882702183e+01
-5.327882177041276535e+00 6.223350199791655157e+00
2.427812929729492453e+01 2.325785146710923623e+00
-8.871290774462636364e+00 -4.994988774507294238e+01
4.144934154840388629e+01 -1.060359179816728847e+01
1.127905560265530838e+01 1.383126403716604713e+01
3.604187200886745046e+01 -1.934014688210218225e+01
-1.041340344676414631e+01 4.332887240875638035e+00
-4.502575209851548976e+01 4.243103070356612960e+01
3.031770389487570228e+01 -3.372542321451854619e+00
1.568799989634087666e+01 1.527063506284445182e+01
-1.482973233575046734e+00 -7.788833146108453676e-02
2.548935466487889556e+01 -1.358798800503826598e+01
2.793764153240040216e+01 -1.739482609104910793e+01
-2.109229095788722930e+01 1.199749704092472058e+01
-1.515228889072855978e+01 3.774143941195866603e+01
8.455344866005997773e+00 -1.766456446610159503e+01
-1.405736246056908989e+01 -4.435061902360813946e+01
3.249495897482450602e+01 4.050409493059778754e+01
-3.821757630538569117e+01 4.538897852987904002e+01
-3.353325334172243544e+01 -3.607918751943464031e+01
-1.137621900882632708e+01 -3.217572151047931595e+00
3.065235225988448420e+01 2.947334593276285020e+01
-1.616917121586841688e+01 -9.154974966711094453e+00
-1.443031479440085540e+01 9.127920845336934264e+00
2.189053530854076968e+01 -2.346035609932729571e+01
-3.366550952973314281e+01 4.307781598718930383e+01
4.805720379067182080e+01 4.139433074944970059e+01
1.462620148853748248e+01 -1.730684900799948167e+01
9.796220840889912296e+00 -4.009775496991346699e+01
3.283756152580815524e+01 4.840024522162054410e+01
-2.434728045640881433e+01 3.292020508984162319e+01
-1.564814809728066791e+01 -3.654884194980878931e+01
-3.843380234798909889e+00 -3.541609793430050246e+01
6.088750639594531222e+00 -3.521251206376141418e+00
2.448959928064786684e+00 1.349244173308382599e+01
-5.018036851070462490e+00 -9.016942953694872642e+00
-1.230061817467533736e+01 -2.887948575293405185e+01
-3.965022907497123583e+01 -2.751042606173426108e+01
1.024052928785731353e+01 3.132745010967181543e+01
-4.000270781335502335e+01 -4.469331539709808965e+01
2.404961694052588683e+01 -1.850578133544256332e+01
4.820119720760315118e+01 1.755236618991548170e+01
-2.386219879372192310e+01 -3.197948460586931319e+01
-2.277065022026153329e+01 6.707216387779735278e+00
-4.496471283954761589e+00 1.329352920871014199e+01
1.959571903534481763e+01 1.684032217099393591e+01
-2.784408545949504799e+01 -3.391990179507954650e+01
3.169118737396753360e+01 -4.230586197259550119e+01
-3.705628572326832426e+01 -3.549360606437220866e+01
-1.331473577331095903e+01 4.258805006537219384e+01
2.352446503474246953e+01 3.384568986142097202e+01
-5.152825157696949709e+00 3.664458369702479956e+01
-4.716792247062699062e+01 -4.120596724032711222e+01
3.721358974871580294e-01 -4.267774394931242909e+01
-4.401842175017389991e+01 -1.739307642122114217e+01
2.551468587288517753e+01 3.789168998383218856e+00
-3.091705067792077699e+01 -6.630039459493842102e+00
1.600417339828056384e+01 2.622587493521222335e+00
-4.515015785132761295e+01 1.892430572003468470e+01
-2.324332047527876099e+01 -1.198856264779011305e+01
-4.707304562516770829e+01 3.895839732663224453e+01
1.451450607094135847e+01 -1.220104937447384863e+01
2.878785233861880233e+00 -1.642920545034876056e+01
-5.981278757724495243e+00 -3.328964186111118551e+01
3.843917422431818665e+01 -1.021650404365621512e+01
4.829079709968296186e+01 -1.146792524468438401e+01
4.745609261500427500e+00 2.760215969504100642e+01
-1.756231563038506138e+01 4.005517766580707217e+01
4.215233570104853555e+01 -3.849018944623860961e-03
3.779799847245912758e+01 4.439690730174694622e-02
-2.026935968613616978e+01 -4.649127726573809127e+00
-5.347865068794033228e+00 4.418593571030273637e+01
-3.168708388847418789e-01 -1.903738435684451247e+01
-1.852427100379409097e+01 -2.600959822482951100e+00
2.121780906624434238e+01 -4.733868586071719875e+01
1.599176624852115580e+01 2.289809046112101232e+00
-4.795560514194898616e+01 3.536514387062396025e+01
3.269737435272146797e+01 4.840569447951699544e+01
-1.547806789074915912e+01 1.464783298736718109e+01
-2.574548099181066618e+01 3.862366156439449583e+01
-8.050116669641404599e+00 -2.262964324465571764e+01
3.049260733363588116e+01 1.030272019397646588e+01
3.240900255750478465e+00 -1.592970007058910298e+01
1.717318739730172439e+01 -2.801805450241186080e+01
-3.226779877113639117e+01 2.216807517956732454e+01
-1.253172312946504441e+00 -1.908365851763825916e+01
-2.617532139182684503e+01 -1.454382914808837235e+01
4.027867572930258433e+01 -2.816587162324426430e+01
4.331062261222616883e+01 3.788866392332180766e+01
-6.986936462901816469e+00 -1.017825135916982049e+01
-3.206484586366138245e+01 -4.595108566370625880e+01
4.374415629591250365e+01 -4.757156848698132734e+01
7.434684059694030012e+00 -2.884422100079408935e+01
2.902609208590406453e+01 -4.087190760836452341e+01
3.874428275721631820e+01 9.548433563085644948e+00
4.752210609676843234e+01 -2.890934740194583963e+00
1.945049214484135902e+01 2.859855394892478841e+01
-1.035663342787252006e+01 1.009347617573570588e+01
4.318094175655506461e+00 -2.348950616931589863e+01
9.105251217899191118e+00 -1.215995750214036164e+01
1.875318806951009609e+00 2.911790703141400272e+01
-3.487130078096843988e+01 8.703760343873212513e-01
7.699015199663705289e+00 1.706394224323815045e+00
-1.626414764903944032e+01 -2.945488964253700814e+01
2.407644791607693691e+01 -4.163999329481676881e+01
2.188674331457917077e+01 -1.684648634520117128e+01
2.380782352925384515e+01 -2.750071366534982786e+01
-2.655139386301967974e+01 7.842728550202293647e-01
-7.305324764368048562e+00 4.819134406394093162e+01
4.575148663385507319e+01 -1.527330707991982806e+01
3.944059486634684220e+01 4.185644552498539639e+01
-3.325652312491465068e+01 3.025906725477525328e+01
-2.170117301142335720e+01 -3.954219619099063010e+01
-1.707074821089968708e+01 -4.395758638436624466e+01
-1.653533135774356566e+01 2.981000796331262492e+01
-1.762085955128835835e+01 1.322529967667364126e+01
-2.278466625217800967e+01 2.470167879059241756e+01
2.999666143440445865e+01 -3.466467732134539403e+01
2.165039836280464414e+01 2.074922691501572913e+01
-3.429068221771870384e+01 -1.854570508340460577e+01
1.064176151262852255e+00 2.314558109497532001e+01
-1.915820461792594642e+01 1.884488630188150182e+01
-4.613415860519330636e+01 -2.011760605798923507e+01
2.971880651865076572e+01 -1.226153541287514592e+01
4.329288088874866247e+01 -3.392019820724593160e+01
-2.844047269041333337e+01 -2.194506042672286128e+01
2.263817403955406959e+01 -2.454387715957047078e+01
4.722420091177615831e+01 -3.372446667824159050e+01
-1.833835584448069156e+01 -1.650908707358122030e+01
-3.876717544437757734e+00 -4.065321730998561378e+01
-2.862129407290159300e+00 -2.243047401014881359e+01
-3.446202518821919369e+01 -2.636269849589414349e+01
-1.572420780417016495e+01 4.648976687798275265e+01
-2.844395508703620834e+01 1.376320532915035244e+01
6.937653367641805069e+00 -3.057816920457512300e+00
-2.761305504658395638e+00 2.755843841215505208e+01
-4.475760034745883331e+01 -6.353539477596048535e+00
4.594654825054367286e+00 1.245060278424098321e+01
3.102629251643369557e+01 1.514608373222414706e+01
3.136298689563784592e+01 -2.900800858986293207e+01
3.816720747204027653e+00 -1.827430056750674225e+01
-3.969930300345314578e+00 -3.040332915478821718e+01
2.486965188636163049e+01 -3.432897107910095258e+01
1.729017773122835067e+01 2.416259049852090968e+01
2.656646026225310919e+01 -5.096433832872726555e+00
-2.362576227420854025e+01 -7.214629225828406156e+00
-2.529760451140948874e+01 -4.189635976307437204e+01
-2.960036395569601808e+01 2.394293011799845061e+01
3.767962694474306318e+01 -1.468703328252245477e+01
-4.127680760738820709e+01 -4.274938127682909084e+01
-2.720179335588257530e+01 3.704340190954879120e+01
1.257611172591204252e+01 1.955170043243051836e+01
-3.991186434975104902e+01 -1.095199706008800433e+01
-4.056033498360658029e+01 -3.074874410485505294e+01
-3.466828126935640597e+01 9.858856727935695119e+00
-5.145263830346314293e+00 1.542724300349492772e+01
-1.916478866492243860e+00 -3.928486218956538067e+01
1.001052379656098879e+01 -9.137747807207007966e+00
-4.037771274051765857e+01 -3.957721527891045099e+01
1.576940284075912757e+01 -6.464314995766251570e+00
3.868065975434959114e+01 -1.041222238176409132e+00
1.378342291095240313e+01 -1.704603567633853345e+01
1.069816823523003180e+01 -1.774317212465484772e+01
-3.791570156848869999e+01 3.859678649367258885e+01
-4.500207408793295372e+01 -4.574648795274177360e+01
2.595986909004405163e+01 -2.482408023949112064e+01
-1.373382204682977914e+01 -1.405147277648243254e+01
2.802886578053583833e+01 3.686214290060591026e+01
2.314030687718563328e+01 2.523843849894141655e+01
1.607955228921953506e+01 6.716818591356277679e+00
-3.510626387845038465e+01 2.813549561282546740e+00
1.866509911329723437e+01 8.900174130994075838e+00
1.907590916084860311e+01 1.512107769175652372e+01
-1.336079861335768371e+01 -2.292192908728538470e+01
2.208360879795819898e+01 -3.608318087493223025e+00
-8.144473341412750145e+00 3.454428312245877208e+01
4.072035781289093848e+01 -4.966155852051601371e+00
-4.569068553237504204e+01 -8.721868475030836620e+00
1.123534318553209843e+00 -4.686558012037902188e+01
8.744721793562282741e+00 3.290951822063266974e+01
-8.792400357400598665e+00 3.413960148297370267e+01
-1.920992540881679744e+01 1.896221064184511196e+00
4.857677794211904398e+01 -1.218265945055366828e+01
3.446617556892017653e-01 4.213609875116446091e+01
3.590809364758907662e+01 2.338373950010498348e+01
2.756678856718901471e+01 -6.850912343520643155e-01
1.729663187175503225e+01 -7.859526680350059635e-01
2.323083331027403631e+01 4.444314125094872558e+00
3.878901125681437634e+01 4.050522846766574503e+01
-3.190258870510398381e+01 -2.505274110856349168e+01
-4.340610912488396167e+01 3.321828235461307344e+01
3.589877732848301406e+01 -8.218988972461360731e+00
3.167419429870158609e+01 3.521878954162417585e+01
-4.446506978101028018e+00 6.821818414855062684e+00
-6.750219109858690558e+00 2.444653781363196288e+01
-1.959156778817805478e+00 -1.630798489596529954e+00
-2.820952558387464038e+01 -3.199599508090760125e+01
2.612301216715409069e+01 -4.026596709062535240e+01
-4.319833616534266696e+01 2.501841939980647922e+01
-2.290004560800579370e+01 -2.240178037786411114e+00
6.069537515333167654e+00 1.500308698264554153e+01
2.061607445737618605e+01 2.965342917647551957e+01
1.318862586607921727e+01 2.968761153799941610e+01
4.088057994344639212e+01 -4.196428043877432401e+01
3.749601432674076751e+00 -2.928225591512478854e+00
-3.503950814067078312e+01 6.114785469488004388e+00
2.682304128267088927e+01 -4.991227674493051580e+01
-2.921594596979060299e+01 -3.944288776801167273e+01
-3.891388230322071706e+01 3.422069100382849882e+01
4.885991581472369916e+01 3.518840663726716400e+01
-1.436567049120202100e+01 -6.553776029538493475e+00
2.840999324834380246e+01 -3.816139689385194345e+01
-2.367808233044643629e+01 4.894620479265412172e+01
-7.753780768025785974e+00 8.192426206549219714e+00
-4.372322993244507217e+01 3.462293696680668376e+01
-2.571894245957171421e+01 2.786164527371636268e+01
2.648800549926955128e+00 3.554457538241684489e+01
-3.226501564198440519e+01 4.656000118000191890e+01
2.642835180630051894e+01 -2.565041243045417119e+01
-2.489830568838751290e+01 -4.106419826651990235e+01
-1.891907720698078421e+01 2.243449786238470622e+01
2.183230379972902568e+01 3.130727437172433625e+01
-1.954088491466038491e+01 4.283588858628415608e+01
3.425268379062751389e+00 -3.519417721248658637e+01
-3.345248601942966360e+01 2.287927472771540494e+01
-4.014909584332871617e+01 -4.608703352546505982e+01
-2.491715398892669953e+01 -1.573587302323892168e+01
2.781294717480533762e+01 8.315388140096057867e+00
3.056739030969991688e+01 1.757832680969595529e+01
8.532144970161525954e-01 -2.588266310617069976e+01
2.746807929631494005e+01 -2.813248069144025365e+00
-3.236331801198751634e+01 -4.053928565539707307e+01
2.886317783883862731e+01 2.519504350798976589e+01
4.470257873608270671e+01 1.118617631073065510e+01
-2.645339087042252046e+01 -2.942524360146636653e-01
6.903045175437849679e+00 -2.927420816504682222e+01
-4.691000579583445074e+01 2.944051377103743405e+01
1.801374699576658855e+01 -4.227120323195617857e+01
4.500460237046078049e+01 -1.834070818657499302e+01
-5.313110116698149810e+00 1.350989566443450141e+00
-1.461390864545766277e+01 3.616989248372048937e+00
4.476057755852681197e+01 -3.740123676309424638e+01
3.959718239832392328e+01 -6.896888438895521389e+00
3.393121916216098555e+01 1.878734215026467425e+01
3.570558621202833649e+01 4.947793171525974998e+01
2.846061039382063029e+01 4.958260513156553806e+00
4.570844132161754203e+01 2.061647223279913277e+01
2.485164886854364141e+01 -4.758598057081763244e+01
3.893633326191201149e+01 -3.726278410346295367e+00
9.408391169668695042e+00 4.248671526039679947e+01
-2.172919810830908816e+01 4.113387380113486813e+00
3.611753298991479255e+01 2.250666372493654777e+01
-1.144167122001160664e+00 -4.217319842711712141e+01
1.588669716013479949e+01 -3.245294116534152806e+01
5.346131129548259864e+00 -1.128917154817308344e+01
1.570209242934015315e+01 4.287666454548000772e+00
-2.560711487328615021e+01 2.715013448011323050e+01
-2.888219225323575046e+01 3.980715309760955023e+01
-6.750621441955628299e+00 4.795816578986000778e+00
-3.319554700950052251e+01 2.818520601947438564e+01
4.232443672688095404e+01 1.679206245646638251e+01
3.973811725220572555e+01 -2.999944228451134620e+01
-3.401934291785902786e+01 3.375413794923313304e+01
1.979305526238164248e+01 -4.282241736685133304e+00
-1.589061796771495949e+00 4.525881667479144710e+01
-4.110249094648011692e+01 2.064633850105764878e+01
-4.276708209098589464e+01 -3.814520920489695754e+01
2.860889417389866907e+01 -3.233298506575277287e-01
1.170052192371751065e+00 -3.993626625450789902e+01
-3.282873581614521896e+01 -2.067316810159358553e+01
-4.914226238699394855e+01 -4.376302559201678122e+01
6.553699221063979508e+00 -5.474838049376118398e+00
4.564777798896390948e+01 -4.879360879402554474e+01
1.459717006918388549e+01 -2.791526604643378562e+01
2.096544558237145583e+00 -3.158651745916662978e+00
-3.703871026343576744e+01 3.532361779593995266e+01
-2.625215598966929065e+01 -4.767969674096874400e+01
3.390198957748864217e+01 -2.166773471956010511e+01
-4.534795893024669056e+01 -2.339722154598067405e+01
-3.207260180877032951e+01 8.195925062693520502e+00
-6.011989773767778544e+00 -1.725125268416283220e-01
-1.713245625656067972e+01 3.908854644490531172e+01
-4.358348787957680059e+01 -2.875261552455401670e+01
-7.079135271967240683e-01 4.885628080448154265e+01
2.824451535057150764e+01 -8.851679188264737874e+00
2.244098119178728012e+01 -2.666631787472208970e+01
1.669990513367629603e+01 -2.809643948714420958e+01
-3.094225709842823946e+01 -4.674868609050246704e+01
1.795616952564661517e+01 2.930593960745644466e+01
4.873275486007078428e+01 -8.981977829815502190e+00
3.344490096808993229e+01 -2.826713462730167237e+01
-3.359431013359217388e+01 -2.987658688271909213e+01
-1.034630800747095059e+01 -4.549242389058383651e+01
-4.863666332247453994e+01 -3.303980493059033563e+01
-1.590556509636997795e+01 1.116138527387340318e+01
1.473363996759853300e+01 1.352119252579042552e+01
2.392938655050053143e+01 1.117531649446888942e+01
2.372718681773400284e+00 -9.458012751019030162e+00
2.129350201879497462e+01 -2.298863164961956329e+01
1.155383425657652285e+00 -3.513140371566076681e+01
-1.464825358952230872e+01 -8.506122851648645344e-01
5.697328774467846912e+00 3.937340940215807450e+01
1.235493007618243588e+01 -3.782197422772455297e+01
-3.217452869981490693e+01 -1.323163689131250464e+01
-2.519992436983453654e+00 -4.109173869160467518e+01
-1.548318704352770148e+01 -1.620999639003729698e+01
5.339970479057976505e+00 -4.305904643451080460e+01
2.325032140959098115e+01 -4.203855248715828452e+01
4.842836537230022387e+00 3.545137059826812731e+01
-3.421215612470308542e+01 2.669224288634210041e+01
1.541560737878595688e+01 2.828655305591272295e+01
-1.271157920771862671e+01 -3.702269288865539210e+01
-1.627641575191612944e+01 -8.429188345828087847e+00
-3.849583843722681475e+00 3.222728850483481722e+01
-1.817233126799051490e+01 1.691938618819444073e+01
3.144463254602547408e+01 -2.536023172252148683e+01
1.106325015429678871e+01 -2.040258889433621547e+00
-4.272177376953454342e+01 -2.922540169318108383e+01
9.282746990826407085e+00 2.203677787908535635e+01
-3.541120186383063384e+01 4.714014798728428701e+01
1.618501114786130568e+00 4.567397901861166787e+01
1.258971767851853052e+01 -3.554950068254920836e+01
-1.943765358624015605e+01 4.948814138707884069e+01
-3.322037722102315627e+01 -1.076501623389852824e+01
-4.350125052029771666e+01 3.493379814823446594e+01
2.424481973029583060e+01 -1.538716985897532474e+01
3.603842620646384631e+01 4.112879061420024840e+01
4.626389062200808411e+01 -3.305858110352072288e+01
-1.039547369936021326e+01 -4.965669771408320088e+01
1.947083983618935754e+00 -4.550221428403631307e+01
-4.537743575740294233e+01 4.816399448138988504e+01
-1.551396902098966990e+01 2.080134679554354094e+01
-2.277208918702945439e+01 -2.358954486528587324e+01
3.010628446722913765e+01 4.163264610954064970e+00
2.255329191174648784e+01 1.440006169656509272e+01
3.148725264184111339e+01 1.485541068711571100e+01
-2.286204385126103844e+01 -1.993100713269757662e+01
3.658465217551507465e+01 -2.125050941425632445e+01
3.685211823440591417e+01 -2.937016080961718512e+00
6.795777072409869390e+00 7.333328999996835407e+00
-4.775860510925619451e+01 -2.510634095616413219e+01
2.620057929149866993e+01 3.090141679038541511e+01
-1.342396176140207054e+01 5.622198287026813901e+00
1.863416676762995650e+01 -1.138270841005499889e+01
9.328429614052557994e-01 2.358979270917316384e+01
4.209846649006630059e+01 -1.751984823301637562e+01
-1.469096645484990660e+01 -2.853898411464127349e+01
-3.001353801615201888e+01 -3.643750103598743095e+01
-4.222767100983102750e+01 -7.062077399092725472e+00
2.539537220497306436e+01 2.260925681325870329e+01
3.518781610706158602e+01 -3.373786121756754142e+01
-2.515434774532360152e+01 -3.641870837134807459e+01
-8.551672556565781846e+00 -2.239334744491065976e+01
1.145078936630072874e+01 -4.980267521935108022e+01
1.437071257627713372e+01 -1.682332139603763821e+01
-2.087393878284807869e+01 2.601511089782413322e+01
3.614843141526968839e+00 -1.148556810557971275e+01
-4.379268927841722103e+01 -3.297609124543187420e+01
-3.251406805232394248e+01 -3.808902892806775853e-01
-3.517794735763969527e+01 1.051195723090003753e+01
-3.211340268449080071e+01 -3.374156394919830859e+01
-1.061827980586934572e+01 3.770971860879041060e+01
-2.238212430243266127e+01 2.209015433746430546e+01
-1.712768114861766833e+01 9.716980946068808578e+00
1.503165616890517242e+01 4.930902782289726360e+01
-3.087546337309324684e+01 -1.299855254520819692e+01
2.513205141047332347e+01 1.498653271294048128e+00
4.771251874948534422e-01 -2.295776670724396595e+01
4.695307107020452619e+00 -8.447030254364150892e+00
-8.551969707949858446e+00 -2.640442608461481910e+01
3.916701027462568163e+01 -8.631129342908961277e+00
4.841747869097531520e+01 4.776643113731846313e+01
2.966692706201209262e+01 7.951230864979552670e+00
-2.439437938741487599e+01 -3.249470681484732637e+01
-4.658667317336402647e+01 1.363868928939209191e+01
3.609603709079672740e+01 4.051819252308631292e+01
4.759173084384224239e+01 4.116262752208952236e+01
-9.270367050323990554e+00 -2.391564155674758041e+01
6.742612130166392603e+00 -4.295817968370367623e+01
-3.397280953453650909e+01 4.441829904817673480e-01
-3.634407412468532073e+01 3.685899172279314229e+01
4.842272873544892775e+01 2.353004528395813466e+01
5.922380480298084393e+00 3.231680945629847912e+01
4.055886665509271438e+01 -8.181590601052956657e+00
2.387564414458723761e+01 1.972174742914410928e+01
1.061426684896921202e+01 4.368484717906911641e+01
-2.363219464830522654e+01 -1.092294816362493393e+01
-4.983704431849499628e+01 2.358627980314347283e+01
1.407443210112552201e+01 3.570038590428634961e+01
4.668215624664055952e+01 1.437196281647939955e+01
-4.539635899434214394e+01 3.457027271592738593e+00
-1.655083772923049423e+00 -3.826574143928242933e+01
4.095375772799557978e+01 -1.155867085231185953e+01
-4.187251375236471773e+01 4.566348600939276281e+01
-6.102842011769793018e+00 -1.005174150490701912e+01
1.454810737302344492e+01 2.552753398900030746e+01
2.905089454939713178e+01 1.939821693698794292e+01
-7.924494212048660557e+00 3.018391086221097197e+01
2.923741813990087124e+01 -3.219014992756180504e+01
-8.842277826822208198e+00 2.377643715558776094e+01
1.431492677978318895e+01 -1.425618285432705967e+00
4.588933008949355496e+01 -4.382167188076295616e+01
3.558801113185925402e+01 1.118865190787157182e+01
-1.942437394784274218e+01 1.602427347444351824e+01
-4.876932219601647489e+01 -2.934007828009830376e+01
-4.937510863639027292e+01 -3.049822943938280773e+01
-1.368735843083860360e+01 4.284964138033247849e+01
4.281033650949175495e+01 -2.129199114535129667e+00
-2.313764419882063805e+01 3.909259267863045295e+01
7.758695092052636966e+00 -2.021363135810613088e+01
-3.868802501325993148e+01 -1.185829523354617976e+01
-4.198767490186214957e+01 3.129127936520204045e+01
3.098719752603007471e+00 -2.008826554120628316e+01
3.240225474820791618e+01 -3.166146495190591548e+00
-1.965908721955175054e+01 4.510047115181347266e+01
-2.856450410406645801e+01 4.248996499601970100e+01
7.077867467647425137e+00 2.570900858340617745e+01
3.576823965138389383e+01 -4.975673887652429528e+01
-1.561571606334974938e+01 4.307597253709612772e+01
3.446209382776732610e+01 -1.076973112105115149e+01
3.803825968354422571e+01 4.812898410954180584e+00
-3.362240453594509404e+01 1.029080177035017840e+01
2.273551330277120286e+01 3.003094257498739594e+01
3.219257649668485755e+01 -3.051370472676637746e+01
3.988373753159731905e+01 -3.740139710160167397e+01
9.372788001577635697e+00 -1.220873351158775577e+01
-3.136719762842556847e+01 3.460653495190623374e+01
-1.573213589939403967e+01 -3.942501566842898342e+01
6.293148482500865448e+00 -1.654792798339454052e+01
-1.625158442162766281e+00 2.674292521263610389e-01
-2.876896411152083388e+01 1.978364316597240702e+01
-1.522866935104661934e+01 9.436066891966754966e+00
4.415554901287009670e+01 -4.047888720611003777e+01
-3.541181566945134307e+01 -4.003262724568939745e+01
4.325694323030612054e+01 -3.484855014472844914e+01
-3.539496221017914479e+01 4.796298154709972295e+01
1.331169556862447045e+01 1.637862543907946389e+01
1.973914427330003551e+00 -2.112469704054480246e+01
-1.426166899716415593e+01 1.430210245748911824e+01
4.338112369952290237e+01 -4.433903278211766974e+01
1.249256117619832551e+01 3.049319351600132677e-02
-2.685630030974672788e+00 2.651906748433479066e+01
1.354656304123190758e+01 9.954424151129703802e+00
4.141021814483271157e+01 -3.527704569704347648e+01
9.793317045835125967e+00 4.463595474622226078e+01
-3.255059024516325650e+01 2.522590776817069624e+01
-3.580425738049721929e+01 -3.232435744835239433e+01
-4.790785455611603538e+01 2.586615159483564952e+01
3.419513232184498008e+01 4.970285067646084087e+01
-3.180614825424782310e+01 -4.613311258235330570e+01
-4.269217450205818665e+01 1.344020187440845326e+01
-4.749852545198227460e+01 3.260391843255294742e+00
3.249559372986372807e+01 -2.754649282920489384e+01
1.115791590528847355e+00 -4.742084264904999458e+00
3.149034427639111300e+01 -3.848807959902254083e+01
4.981506755397979447e+01 -4.679215408744214244e+01
1.317132697104624839e+01 1.118270777954611894e+01
-6.261976136282132899e+00 4.436200181357949646e+01
2.437416553440126066e+01 4.411065503086747697e+01
-3.059834477265682651e+01 -2.440545773836137045e+01
-4.422996119276378835e+01 -2.158961986162298885e+01
-3.630110495124413461e+01 -3.386252518779389220e+01
4.129576664471983349e+01 2.763358449544687190e+01
-2.535475975862839704e+01 -2.765166646470170875e+01
2.185813816439412705e+01 -3.670984094084300864e+01
-3.993013913868011144e+01 -6.289706489358581898e+00
3.374622234098046647e+01 -4.380078830606584006e+01
2.557079606972030206e+01 3.420111522301213824e+01
-3.398094013970774085e+01 -1.087104202580780843e+01
-2.533069142569892662e+01 -3.883898281155483545e+01
-4.835640966003704477e+01 -1.134345578199818050e+01
1.978491405247662271e+01 -3.397298839772833201e+00
2.946139501686836226e+01 3.908140177329488552e+01
-1.759586186078818670e+01 -9.959573256876886660e+00
2.984627957513506047e+01 4.927399611236098309e+01
3.909887367606405206e+01 4.845917359976975547e+01
4.403910465867455493e+00 3.112481915208114103e+01
3.809629628603941853e+01 2.429824130877540256e+01
3.351050159763724334e+00 -3.142589667928553609e+01
2.081149706104277186e+01 -1.986830819514088375e+01
4.435703018365045835e+01 4.107589562095363078e+01
-1.950123585803388337e+01 -2.940025085076024425e+01
-1.672050269343024098e+01 -5.947798675167925708e-01
1.057955875944174196e+01 -8.337782201288557182e-01
-1.435610368791322422e+01 -3.514564639261947576e+01
1.588275233497404848e+01 7.422156106697485711e+00
-2.254995303191519440e+01 -4.868536183815348295e+01
2.210649731387219674e+01 4.941138440011402366e+01
-2.868028877098393181e+01 2.967416137256154585e+01
-1.315111075957708930e+00 -1.814424603634294897e+01
-1.788989334114925356e+01 2.059828394597406032e+01
-4.269313677041564858e+01 1.801946911769674031e+01
3.264914398824956265e+01 -4.318202270141554777e+01
-4.499313535644887452e+01 2.608382343556363736e+01
1.921911900957764630e+01 -2.400324177072539200e+01
4.849857462584543555e+01 -2.864235997851351101e+01
-2.874107809060310004e+01 1.476190346827277367e+01
2.345664413284684713e+01 2.833658695783275405e+01
4.570633157056985851e+01 4.674336855492163778e+01
-3.052326130944638294e+01 -4.287014122594138144e+01
-1.155632296205374487e+01 3.996871697485153874e+01
3.743423408831297650e+01 -4.938999187199796381e+01
6.604424470686065973e+00 1.399046527510194871e+01
1.278741502402820274e+01 4.878420753944917720e+01
4.059014489962913075e+01 7.269107282302078588e+00
7.610072414844859523e+00 -1.402072195398390519e+01
2.737282621949368533e+01 4.912788987768630022e+01
-2.188878536541029973e+01 3.573635991345894780e+01
2.744588122986079171e+01 4.590214891354808202e+01
4.954043652229939454e+01 -1.825376745995799155e+01
-3.151016985013504978e+01 -3.359001135926420289e+01
-2.422773594430302069e+01 3.663786859178367195e+01
4.600057261842699319e+01 4.465672621319677660e+01
-2.133769344472841212e+01 -4.621452432454498904e+01
5.733897280225585646e+00 4.285978269536811780e+01
6.223858377935065356e+00 -1.084221549730707324e+01
2.443000667582320062e+01 -1.131284004072717941e+01
3.276788611229253245e+00 -3.081342070037656100e+01
-2.075897311824481672e+00 -2.562502853294073191e+01
1.012781230693265933e+01 -4.224130434856565586e+01
4.624249813547580601e+01 -2.939679522429795711e+01
-3.561717799505170490e+01 -2.804862358825083035e+01
-3.750943926101174242e+01 1.318408117335194696e+01
-1.643416360526109798e+01 -1.543377549776813140e+01
-2.795392733527567586e+01 4.804599923806801343e+01
5.869913407540172656e+00 1.380015629362834062e+01
-2.942049744758412633e+00 -7.203786828828162569e+00
-3.982576412125451526e+01 1.053953041784032507e+01
4.634147010735370031e+01 3.225694837893667710e+01
-3.104814163506371827e+01 4.009607308707824558e+01
-3.454698393794181044e+01 -2.876240990056695424e+01
-8.926778331290584845e+00 2.488352531676871848e+01
3.208732275130441280e+01 1.556057185031434287e+01
4.185190152047530887e+01 -1.269534189440324567e+01
-6.995536490012055353e+00 -3.552611376468697557e+01
-9.686954897423817101e+00 -3.706994984476784794e+01
-3.865506682703971109e+01 1.706231571336769282e+00
2.725464032923560254e+01 2.367041984261097909e+00
-3.282998610131786421e+01 -4.160826991787183005e+01
6.140527408643981389e+00 1.014887435839153440e+01
-3.152570197252524409e+00 -2.806735786284671974e+01
-3.231759471397920436e+01 -6.393531929176576867e+00
-6.332753048570538112e+00 4.112366164845803951e+01
-4.679169839001984244e+00 -1.397797379001446316e+01
-1.078546215102283945e+01 -4.450047250982933633e+01
-3.595123082058550068e+01 -3.724209172596876272e+01
9.961764991839249461e+00 -4.581849515438596754e+00
-1.977537321456174269e+01 -3.123598359412095249e+01
3.729970627659914584e+01 1.511391841313199969e+01
2.069506145466095859e+01 6.011215250811153155e+00
2.492219167632651988e+01 -4.872102501006938269e+01
4.396415613991591442e+01 4.602106366143754457e+01
-4.216614219367643557e+01 -3.742008388271291608e+01
1.834636207479308823e+01 -5.151725063597312193e+00
1.779324885300068715e+01 -1.421038542536789961e+00
-4.872937351020967256e+00 -2.623976141194073364e+01
4.113115675071982480e+01 -2.336710955810765711e+01
1.213373761936645856e+01 1.737927845718119002e+01
4.505344552139622749e+01 2.735996748593773020e+01
-4.201630135174166725e+01 -4.716644932606924812e+01
-1.649994832607769624e+01 -1.896197211938270755e+01
-8.862998605810967767e-01 -1.663858061972881686e+01
4.707606562744957301e+01 3.083605780979865685e+01
1.140102460283409780e+00 6.855995014025584311e+00
1.875145849863881864e+01 1.766050668648135868e+01
8.186909396737762634e+00 3.714063715637171725e+01
-2.278124929569299439e+01 -1.596348250625072573e+01
2.296758539199552729e+01 3.843521363492752130e+01
3.987744753264629338e+01 1.337628557614728386e+01
-3.015261999916327795e+01 -3.884404008988872903e+01
4.309038204329297628e+01 -4.666494283578999358e+01
4.693267175656101742e-01 2.221947410039083337e+01
5.225940560156338677e+00 -4.460517007031861425e+01
1.232886057302817662e+01 -7.116987164372067909e+00
-2.608349678918185788e+01 -5.614127767462317564e+00
1.541017765899405134e+01 7.293378166171038401e-01
2.229759168618807763e+01 -6.630290119165749729e+00
-2.680384819490828718e+01 -1.807678490297204377e+01
-4.456566601079843082e+01 -3.021329422811116672e+01
-3.640366278444037107e+01 4.770186061485645013e+01
2.483118307654408330e+00 -4.434374077030236094e+01
1.594271626573293688e+01 -4.496865026566002399e+01
-3.736445227532488644e+01 -2.552971385922244707e+01
-9.331769961273350233e+00 3.090043911042035063e+01
-2.345522311255321313e+01 -9.659538808317002179e+00
4.735698105820896231e+00 -3.863770171416837229e+01
2.851209106347754130e+01 -5.459242891700322176e+00
-3.659608722227503108e+01 -3.342495140740440007e+01
4.133031969644738979e+01 -1.891582848475639267e+01
2.136753724915849517e+01 -2.336313998343715426e+01
4.037005175056610540e+01 -1.838815383253252733e+01
-7.526829074297913813e+00 4.645053974890585380e+01
2.210015560685227953e+01 2.458567863245896135e+01
2.106329322251876590e+01 1.216145545404749839e+01
-3.263539287044316950e+01 4.222724586094975052e+01
3.016215956619322469e+01 6.896931371786607201e+00
2.742742370468446111e+01 1.953291891512840550e+01
-4.513085691745116890e+01 4.131713904272348259e+01
-3.042728939791971143e+01 3.317440453465665229e+01
4.135900494195875154e+01 2.040087850584761853e+01
-8.570832750559686630e+00 2.283390378524475750e+01
2.621197493338994633e+01 -2.003855415771792536e+01
-4.677468364289280345e+01 -2.379586431606582764e+01
2.580185969623390818e+01 -2.858080231384841952e+01
-2.587132296254554120e+01 3.652212966048803366e+01
-4.789354806486518612e+01 1.328242870666583819e+01
3.221502532308361566e+01 3.826807658154173453e+01
-4.043239256950150917e+01 3.985571085746821041e+01
1.437020796672200440e+01 -5.432483672374999628e+00
-3.297217490584387889e+01 6.447805616708102150e-01
1.387876412424640193e+01 -3.401576672509808219e+01
4.109799648051762944e+01 3.642874638500727258e+01
-1.425230423357407616e+01 -2.136034742168437717e+01
1.943397770319092999e+01 -4.817982625307831768e+01
-1.251983575547197525e+01 -1.149566004692111854e+01
-2.682489516084884951e+00 4.512268800976285377e+01
-3.022079717135289911e+01 4.042821340947979536e+01
4.978539706889774408e+01 -1.146466828089949175e+01
1.944219943247593818e+01 6.821808083557778346e+00
3.897271322983360164e+01 -1.947979082620550173e+01
-3.909944404130035878e+01 -3.759331494936085960e+01
4.183077566514347012e+01 1.020589007549704874e+01
-3.888930324449331266e+01 4.421634316572905732e+01
2.688309921782864365e+01 2.514351529131905139e+01
4.608163555524016175e+01 1.591161831083338640e+01
4.420042322874103746e+01 1.014264547651072590e+01
-4.472653359238540816e+01 -4.886924899183043891e+01
-1.599464429401973220e+01 -2.867957101254791041e+01
1.995970977077651298e+01 4.908848695304228471e+01
-6.675512686952012054e+00 -8.790066392051665289e+00
3.442345942698516126e+01 -8.079653342262837157e+00
2.083646115872813809e+01 -1.926579945187811838e+00
4.913060178519940990e+01 3.314614301397800489e+01
2.228709826658937843e+01 2.932891303989892950e+00
-1.852361525336225867e+01 -4.357009335353280477e+01
2.749884283864275503e+01 2.562123669209898225e+01
-4.405262058804203207e+01 -1.978503227266424958e+01
-3.081647736229217216e+01 2.066344777201128835e+01
-3.931206248085762667e+01 -1.162061969926446636e+01
-3.219126742422846377e+01 -1.987600770186964638e+01
-3.376145400010705799e+01 -1.465928613381437629e+01
6.638362867526781841e+00 2.862229155842137374e+01
3.200995451646904399e+01 -1.933677832375829553e+01
-4.761599016754200875e+01 4.250515609872290668e+01
-2.206524841750656662e+00 -3.723838864883040145e+01
-2.675688088504714202e+01 3.088572438670611575e+01
-4.614709179668719230e+01 5.422612486400824494e+00
5.690558393875900123e+00 2.608623149062314539e+01
-4.006219336109578677e+01 -3.781518691882975958e+01
4.349961261770110355e+01 -1.735598773188886668e+01
2.662815306380189639e+01 -1.903195511767020776e+01
-9.191425934032281475e+00 -4.472319244007812244e+01
-3.804842135594448393e+01 -4.566842932577419134e+00
4.693880091970079604e+01 3.405894364204131719e-01
-2.445325650862785238e+01 3.843744217630089821e+01
-2.434501297473565984e+01 -4.271358056278047144e+01
2.056659804409415315e+01 2.222879292473393065e+01
1.089122883190453095e+01 -8.706239928479275747e+00
-8.121820309940019911e+00 -4.282192631329630217e+01
4.455182747532102638e+01 4.094077484541765699e+01
3.475550806340010013e+01 4.205800040472197310e+01
-2.583662064690869187e+01 -4.058780879518961626e+01
-4.804136194860153353e+01 2.909002335674898276e+01
-3.179520295942598196e+01 -1.096758937226045560e+01
2.279476336748071930e+01 -2.817074156392668272e+01
-2.084601365753774260e+01 1.668597427644487041e+01
-4.970600919718104471e+00 1.468016301412069424e+01
2.648290660405648822e+01 5.837201652159018650e+00
4.938723813419869657e+01 -4.482637951089710526e+01
-4.101704004631634426e+00 2.304388386379925180e+01
3.514291577509709441e+01 4.209822790933488079e+01
-4.048291103639645172e+01 -2.981661405061668546e+01
2.166276442236362243e+01 4.016445120625654397e+01
-3.694750774362643853e+01 -3.726112452129081021e+01
2.073268039253295392e+00 -3.738675270635479819e+01
-2.941702007923998607e+01 1.423589808428147307e+01
-6.782033909411556039e+00 1.706067193104867741e+01
9.521600696510400752e+00 -4.883314228259005851e+00
-2.829146648231872874e+01 1.149641817066182625e+00
1.278942727006469049e+01 -3.013496841976736107e+01
-2.482233212835122060e+01 -4.345333656584237758e+00
-1.537923743685464295e+01 4.652288934627513584e+00
-3.897339183699233445e+01 -2.632347064644181600e+01
-4.956854373630621069e+01 4.673783992804128928e+01
-2.772001056412687348e+01 -4.152560073893609882e+01
-5.357819397471397238e+00 -2.394460066794615827e+01
4.805123240617697888e+01 2.505995720310832908e+01
4.824489554905575517e+00 7.828536274899622782e+00
1.877536804293961126e+01 3.015338266636313769e+00
2.458092623060404947e+01 -4.716385307046455466e+01
-4.583374094042634539e+01 1.589185873652657577e+01
9.366752378492538611e+00 4.657864781832613232e+01
-1.827407687636317668e+00 1.308030574195235829e+01
-3.120476691869784602e+01 -3.549394212097156753e+01
2.774006251587929484e+01 3.921542785031412137e+01
-3.149266273460334986e+01 -4.199104769776429436e+00
-4.780100146761920854e+01 3.447724807589123941e+01
-2.537537722792584560e+01 6.697558601026298852e+00
-4.441229017783886235e+01 -1.221860800642619083e+01
-1.417626557218686401e+01 2.084167064861912522e+01
1.564629678993739681e+01 -4.175346111032535390e+01
-3.876925251713543474e+01 1.865812884878132039e+01
2.503556633275540833e+01 1.712201189091001652e+01
-2.357230339144963338e+01 -3.521051578373229773e+01
-2.062695952180221326e+01 2.722262057698321414e+01
-3.687165068160963699e+01 -2.402014444507231161e+01
-3.133488078382299236e+01 3.378883620889850192e+01
-1.233399681761471189e+00 -4.297807669585031931e+01
-1.279197464798188477e+01 2.359987088118323939e+01
-1.353688238778075714e+01 3.854955901421869413e+01
-1.760558509957789042e+01 9.573315098441304016e+00
-1.659854325760436922e+01 7.321287217443073203e+00
-7.890831763766781748e+00 7.512326570960725647e+00
2.411468777813844255e+01 -2.382860952234941010e+01
2.128894821353367561e+01 4.482854359881881834e+01
-2.052290671990228788e+01 4.899804490708930871e+01
-1.581191316992370766e+01 -6.054795662119505373e+00
-1.314591534353339952e+01 -6.030071267437541849e+00
-1.657299528903888231e+01 -1.835167114277370715e+01
1.084953054944008954e+01 1.034317795571533338e+01
2.561016702670322331e+01 -1.592787748491593192e+01
-3.172639824708919321e+01 1.737502895912438206e+01
-8.624974238658211334e+00 -2.767359650409576588e+01
-2.960383097330978686e+01 3.080341488047277920e+01
2.036470143974620228e+01 -4.896525513413408959e+01
-3.801368635648282179e+01 -3.011080543014024258e+01
9.713512615123477190e+00 -2.691815367576465690e+01
-1.842870537856704516e+01 -7.606615435749041865e+00
1.307060570133468147e+01 -2.008820003989734104e+01
-1.384330546323110411e+01 -3.016275284595045747e+01
-1.758444619177005208e+01 -1.884580924056835727e+01
-1.690977035182907784e+01 -5.862851160880843793e+00
3.640430087909552981e+01 2.347306134058167970e+01
4.293053779712819207e+00 -2.788051197846532858e+01
2.929451726359695130e+01 -4.081343087549041115e+01
2.434136266107034174e+01 2.235665068912820885e+01
2.183243240599655977e+01 4.867653680355482493e+01
-1.669721416699232464e+01 -2.470604175535906677e+01
1.380441948386988926e+01 -4.223872865736321103e+01
-1.675919855530566593e+01 2.314698096702991847e+01
-1.132015286334451254e+01 -3.786517521821077992e+01
3.627644785574840824e+01 -3.711259949307186190e+01
-5.409096340718710927e+00 -2.890297159106756197e+01
2.985119619840095240e+01 -7.976412108311925486e+00
1.695852966852183741e+01 -2.342987114565979567e+01
3.506491822556725424e+01 -3.988801447510710574e+01
-3.106554894745483519e+00 -4.634691957642932181e+01
2.077220160717624253e+01 -2.149286559569597443e+01
3.058116220338531477e+01 1.927074917231727014e+01
3.871468004512238537e+01 4.058192405190941265e+00
4.785712760233884211e+01 -2.651601706377611123e+01
-3.943449921597769503e+01 -3.445610030864209250e+01
4.915504511647819896e+01 2.037457976729545450e+01
-1.852606897721461721e+01 3.480452307069958806e+01
5.341929565337921737e+00 -1.619485858048792437e+01
2.014146417832427716e+01 2.326173157017152882e+00
-4.640287754641217788e+01 -3.065148613312036474e+01
-1.432261087018016354e+01 4.797348181687645052e+01
1.894733402782503617e+01 -1.600021831339975975e+01
2.587812691853681457e+01 2.747150870837633363e+01
